0.0178634437739127,0.0
0.06727946881627446,0.0
0.13620277455113758,0.0
0.21711054371602478,0.0
0.30538106968795364,0.0
0.3981749677838132,0.0
0.49374783792883575,0.0
0.5910279931343052,0.0
0.6893570334044888,0.0
0.7883304651149001,0.0
0.8876997841748485,0.0
0.9873123199874405,0.0
1.0870742780759288,0.0
1.1869280350075946,0.0
1.2868381893375613,0.0
1.386782991887756,0.0
1.4867490808660688,0.0
1.5867282473421302,0.0
1.6867154480899074,0.0
1.7867075847606915,0.0
1.8867027538576602,0.0
1.9866997859513884,0.0
2.086697962592986,0.0
2.186696842397278,0.0
2.28669615419554,0.0
2.386695731392961,0.0
2.4866954716406084,0.0
2.586695312059547,0.0
2.6866952140195677,0.0
2.786695153787874,0.0
2.8866951167840216,0.0
2.9866950940503907,0.0
3.0866950800837922,0.0
3.186695071503294,0.0
3.276695066651049,0.0
3.3866950629931996,0.0
3.4866950610035436,0.0
3.586695059781181,0.0
3.686695059030212,0.0
3.7866950585688484,0.0
3.8866950582854054,0.0
3.9866950581112697,0.0
4.0866950580042865,0.0
4.186695057938564,0.0
4.286695057898184,0.0
4.386695057873377,0.0
4.486695057858136,0.0
4.586695057848773,0.0
4.6866950578430195,0.0
4.786695057839486,0.0
4.886695057837315,0.0
4.986695057835981,0.0
5.086695057835161,0.0
5.186695057834658,0.0
5.286695057834349,0.0
5.386695057834158,0.0
5.4866950578340425,0.0
5.58669505783397,0.0
5.6866950578339255,0.0
5.7866950578338985,0.0
5.876695057833883,0.0
5.986695057833871,0.0
6.086695057833865,0.0
6.186695057833863,0.0
6.286695057833861,0.0
6.386695057833859,0.0
6.486695057833857,0.0
6.586695057833855,0.0
6.686695057833853,0.0
6.7866950578338505,0.0
6.886695057833848,0.0
6.986695057833846,0.0
7.086695057833844,0.0
7.176695057833842,0.0
7.27669505783384,0.0
7.386695057833838,0.0
7.486695057833836,0.0
7.5866950578338335,0.0
7.686695057833831,0.0
7.786695057833829,0.0
7.886695057833827,0.0
7.986695057833825,0.0
8.086695057833824,0.0
8.176695057833822,0.0
8.28669505783382,0.0
8.386695057833817,0.0
8.486695057833815,0.0
8.586695057833813,0.0
8.686695057833811,0.0
8.786695057833809,0.0
8.886695057833807,0.0
8.986695057833805,0.0
9.086695057833802,0.0
9.1766950578338,0.0
9.286695057833798,0.0
9.376695057833796,0.0
9.486695057833794,0.0
9.586695057833792,0.0
9.68669505783379,0.0
9.786695057833787,0.0
9.886695057833785,0.0
9.986695057833783,0.0
10.086695057833781,0.0
10.186695057833779,0.0
10.286695057833777,0.0
10.386695057833775,0.0
10.486695057833773,0.0
10.58669505783377,0.0
10.686695057833768,0.0
10.786695057833766,0.0
10.886695057833764,0.0
10.976695057833762,0.0
11.08669505783376,0.0
11.186695057833758,0.0
11.286695057833755,0.0
11.386695057833753,0.0
11.486695057833751,0.0
11.586695057833749,0.0
11.686695057833747,0.0
11.776695057833745,0.0
11.886695057833743,0.0
11.98669505783374,0.0
12.086695057833738,0.0
12.186695057833736,0.0
12.286695057833734,0.0
12.386695057833732,0.0
12.48669505783373,0.0
12.586695057833728,0.0
12.686695057833726,0.0
12.786695057833724,0.0
12.886695057833721,0.0
12.98669505783372,0.0
13.086695057833717,0.0
13.186695057833715,0.0
13.286695057833713,0.0
13.38669505783371,0.0
13.486695057833709,0.0
13.586695057833706,0.0
13.686695057833704,0.0
13.786695057833702,0.0
13.8866950578337,0.0
13.986695057833698,0.0
14.086695057833696,0.0
14.186695057833694,0.0
14.286695057833692,0.0
14.38669505783369,0.0
14.486695057833687,0.0
14.586695057833685,0.0
14.686695057833683,0.0
14.78669505783368,0.0
14.886695057833679,0.0
14.986695057833677,0.0
15.086695057833674,0.0
15.186695057833672,0.0
15.28669505783367,0.0
15.386695057833668,0.0
15.486695057833666,0.0
15.586695057833664,0.0
15.686695057833662,0.0
15.78669505783366,0.0
15.886695057833657,0.0
15.986695057833655,0.0
16.08669505783367,0.0
16.186695057833685,0.0
16.2866950578337,0.0
16.386695057833716,0.0
16.48669505783373,0.0
16.586695057833747,0.0
16.686695057833763,0.0
16.78669505783378,0.0
16.886695057833794,0.0
16.98669505783381,0.0
17.086695057833825,0.0
17.18669505783384,0.0
17.286695057833857,0.0
17.386695057833872,0.0
17.486695057833888,0.0
17.586695057833904,0.0
17.68669505783392,0.0
17.786695057833935,0.0
17.88669505783395,0.0
17.986695057833966,0.0
18.086695057833982,0.0
18.186695057833997,0.0
18.286695057834013,0.0
18.38669505783403,0.0
18.486695057834044,0.0
18.58669505783406,0.0
18.686695057834076,0.0
18.78669505783409,0.0
18.886695057834107,0.0
18.986695057834122,0.0
19.086695057834138,0.0
19.186695057834154,0.0
19.28669505783417,0.0
19.386695057834185,0.0
19.4866950578342,0.0
19.586695057834216,0.0
19.686695057834232,0.0
19.786695057834248,0.0
19.886695057834263,0.0
19.98669505783428,0.0
20.086695057834294,0.0
20.18669505783431,0.0
20.286695057834326,0.0
20.38669505783434,0.0
20.486695057834357,0.0
20.586695057834373,0.0
20.686695057834388,0.0
20.786695057834404,0.0
20.88669505783442,0.0
20.986695057834435,0.0
21.08669505783445,0.0
21.186695057834466,0.0
21.286695057834482,0.0
21.386695057834498,0.0
21.486695057834513,0.0
21.58669505783453,0.0
21.686695057834545,0.0
21.78669505783456,0.0
21.886695057834576,0.0
21.97669505783459,0.0
22.08285053525671,1.2956987389847491e-05
22.143643437103982,0.005135080813658842
22.19388217175477,0.01571443238199176
22.24242007209281,0.028361266736736654
22.29035112611941,0.042654760775236056
22.33931279415484,0.052696168549294
22.388557418870853,0.06135619502785981
22.437801872779755,0.0700157152884257
22.487046296123875,0.07867523016205061
22.536290715760934,0.08733474438380184
22.58553513494841,0.09599425852649562
22.634779554081373,0.10465377265960155
22.684023973207722,0.11331328679154469
22.73326839233327,0.12197280092334682
22.782512811458712,0.13063231505513187
22.83175723058414,0.13929182918691482
22.88100164970957,0.14795134331869755
22.930246068835,0.15661085745048028
22.97949048796043,0.16527037158226301
23.02873490708586,0.17392988571404575
23.07797932621129,0.18258939984582848
23.127223745336718,0.1912489139776112
23.176468164462147,0.19990842810939394
23.225712583587576,0.20856794224117667
23.274957002713005,0.2172274563729594
23.324201421838435,0.22588697050474213
23.373445840963864,0.23454648463652486
23.422690260089293,0.2432059987683076
23.471934679214723,0.25186551290009024
23.521179098340152,0.2605250270318727
23.57042351746558,0.26918454116365514
23.61966793659101,0.2778440552954376
23.66891235571644,0.28650356942722005
23.713232332929326,0.29429713214582426
23.7674011939673,0.30382259769078496
23.816645613092728,0.3124821118225674
23.865890032218157,0.32114162595434986
23.915134451343587,0.3298011400861323
23.964378870469016,0.33846065421791477
24.013623289594445,0.3471201683496972
24.062867708719875,0.3557796824814797
24.112112127845304,0.36443919661326213
24.161356546970733,0.3730987107450446
24.210600966096163,0.38175822487682703
24.259845385221592,0.3904177390086095
24.30908980434702,0.39907725314039194
24.35833422347245,0.4077367672721744
24.407612090386447,0.4161928597824257
24.457487187154054,0.4187270304120801
24.50745264595236,0.4169557660627721
24.557393417408008,0.41851729455630154
24.607234672407582,0.42249840550240536
24.657075640575155,0.4264831127839335
24.70691660873376,0.43046782017747404
24.756757576892365,0.43445252757100467
24.80659854505097,0.4384372349645353
24.856439513209576,0.4424219423580659
24.90628048136818,0.44640664975159655
24.956121449526787,0.4503913571451272
25.005962417685392,0.4543760645386578
25.055803385843998,0.45836077193218844
25.105644354002603,0.46234547932571907
25.15548532216121,0.4663301867192497
25.205326290319814,0.4703148941127803
25.25516725847842,0.47429960150631095
25.305008226637025,0.4782843088998416
25.35484919479563,0.4822690162933722
25.404690162954235,0.48625372368690284
25.45453113111284,0.49023843108043347
25.504372099271446,0.4942231384739641
25.55421306743005,0.4982078458674947
25.604054035588657,0.5021925532610254
25.653895003747262,0.506177260654556
25.703735971905868,0.5101619680480867
25.753576940064473,0.5141466754416173
25.80341790822308,0.5181313828351479
25.853258876381684,0.5221160902286786
25.90309984454029,0.5261007976222092
25.952940812698895,0.5300855050157398
26.0027817808575,0.5340702124092704
26.052622749016106,0.5380549198028011
26.10246371717471,0.5420396271963317
26.147320588517456,0.5456258638505093
26.20214565349192,0.550009041983393
26.251986621650527,0.5539937493769236
26.301827589809132,0.5579784567704542
26.351668557967738,0.5619631641639848
26.401509526126343,0.5659478715575155
26.45135049428495,0.5699325789510461
26.501191462443554,0.5739172863445767
26.55103243060216,0.5779019937381074
26.600873398760765,0.581886701131638
26.65071436691937,0.5858714085251686
26.700555335077976,0.5898561159186992
26.75039630323658,0.5938408233122299
26.800237271395186,0.5978255307057605
26.850078239553792,0.6018102380992911
26.899919207712397,0.6057949454928218
26.949760175871003,0.6097796528863524
26.999601144029608,0.613764360279883
27.049442112188213,0.6177490676734136
27.09928308034682,0.6217337750669443
27.149124048505424,0.6257184824604749
27.19896501666403,0.6297031898540055
27.248805984822635,0.6336878972475362
27.29864695298124,0.6376726046410668
27.348487921139846,0.6416573120345974
27.39832888929845,0.645642019428128
27.448169857457057,0.6496267268216587
27.498010825615662,0.6536114342151893
27.547851793774267,0.6575961416087199
27.597692761932873,0.6615808490022506
27.647533730091478,0.6655655563957812
27.697374698250083,0.6695502637893118
27.74721566640869,0.6735349711828424
27.797056634567294,0.6775196785763731
27.8468976027259,0.6815043859699037
27.896738570884505,0.6854890933634343
27.94657953904311,0.689473800756965
27.996420507201716,0.6934585081504956
28.04626147536032,0.6974432155440262
28.096102443518927,0.7014279229375568
28.145943411677532,0.7054126303310875
28.195784379836137,0.7093973377246181
28.245625347994743,0.7133820451181487
28.295466316153348,0.7173667525116794
28.34481681522165,0.7249862704773089
28.39290332488689,0.7386670514072226
28.440298762234498,0.7545802307780641
28.486913476128763,0.7726530061621056
28.53264912276494,0.7928472476258639
28.577409212502573,0.8151203508718207
28.62124131271508,0.8391728121724913
28.666805562083123,0.8596916166381833
28.7131379947429,0.8784880438691898
28.759470916785457,0.8972832649372947
28.805803838842063,0.9160784859707399
28.85205715132056,0.9350638685821682
28.895673811440094,0.9593853458887723
28.937011929240427,0.9875043904684284
28.977014106424356,1.0174935570175736
29.015596995369638,1.0492879743028345
29.05267919682108,1.0828205647990645
29.08818247752851,1.1180205839593278
29.122031935330433,1.1548137694206237
29.154156157177006,1.1931224976770605
29.184487369791952,1.232865947844111
29.212961582655506,1.2739602721684609
29.239518723006846,1.3163187729237151
29.26625454827793,1.358541476458553
29.296729759980774,1.398178884008317
29.327359447092977,1.4376987811160773
29.357824805523766,1.4773431452025312
29.383330510383303,1.520278053121106
29.40495882259852,1.5653528438812168
29.42449275532866,1.6113740320651528
29.441892806499478,1.6582436651885983
29.457122266838297,1.7058628611883409
29.470149006370775,1.754131156652615
29.4809455422579,1.8029467187482362
29.48948909677721,1.8522065600598876
29.495761645377524,1.9018067558652496
29.499749954705774,1.9516426633875945
29.502001966115355,2.0015890159299574
29.508609739089657,2.051128618922973
29.516615365643265,2.100483557303689
29.52462145505021,2.149838420614289
29.53262754446901,2.199193283922966
29.539833024945928,2.2436126609007756
29.547839114364727,2.2929675242094527
29.555845203783527,2.34232238751813
29.563432473299322,2.391738036637371
29.564575536429917,2.4416747188326626
29.562164073803768,2.486606658051438
29.5567130612746,2.5413297713851004
29.55024893991823,2.5909048106701484
29.548442090434357,2.640857527864224
29.547633976386848,2.6908509969533863
29.546836495158338,2.740844615915292
29.550548768693957,2.79063652891073
29.559811650948316,2.8397658947626714
29.571335105756017,2.88841498805577
29.585080353698427,2.936483610345943
29.600902669105402,2.9839108383418007
29.6133171350585,3.032297407980384
29.61748323569438,3.0820625077254573
29.619741532076794,3.1319871193115443
29.626527343759467,3.1815231200127987
29.633505583419577,3.2310337670621534
29.640483830684733,3.2805444130396224
29.647462077949886,3.330055059017091
29.654440325215038,3.3795657049945595
29.66141857248019,3.429076350972028
29.668396819745343,3.4785869969494967
29.675375067010496,3.5280976429269653
29.682353314275648,3.577608288904434
29.6893315615408,3.6271189348819024
29.695601618157035,3.6716799550999992
29.697875301141345,3.7265452558507692
29.694803512576282,3.776448476064885
29.695661319206494,3.8264123262547405
29.698404637539667,3.876337011505085
29.70114925557736,3.926261625392697
29.703893873652397,3.976186239278256
29.706638491727432,4.026110853163818
29.709383109802467,4.0760354670493815
29.7121277278775,4.125960080934945
29.714872345952536,4.175884694820509
29.71761696402757,4.225809308706072
29.720361582102605,4.275733922591636
29.72310620017764,4.325658536477199
29.725850818252674,4.375583150362763
29.72859543632771,4.4255077642483265
29.731340054402743,4.47543237813389
29.734084672477778,4.525356992019454
29.736829290552812,4.575281605905017
29.739573908627847,4.625206219790581
29.74231852670288,4.675130833676144
29.745063144777916,4.725055447561708
29.74780776285295,4.7749800614472715
29.750552380927985,4.824904675332835
29.75329699900302,4.874829289218399
29.756041617078054,4.924753903103962
29.75878623515309,4.974678516989526
29.761530853228123,5.024603130875089
29.764275471303158,5.074527744760653
29.767020089378192,5.1244523586462165
29.769764707453227,5.17437697253178
29.77250932552826,5.224301586417344
29.775253943603296,5.274226200302907
29.77799856167833,5.324150814188471
29.780743179753365,5.374075428074034
29.7834877978284,5.424000041959598
29.786232415903434,5.4739246558451615
29.78897703397847,5.523849269730725
29.791721652053504,5.573773883616289
29.794466270128538,5.623698497501852
29.797210888203573,5.673623111387416
29.799955506278607,5.723547725272979
29.802700124353642,5.773472339158543
29.805444742428676,5.8233969530441065
29.80818936050371,5.87332156692967
29.810933978578745,5.923246180815234
29.81367859665378,5.973170794700797
29.816423214728815,6.023095408586361
29.81916783280385,6.073020022471924
29.821912450878884,6.122944636357488
29.82465706895392,6.1728692502430516
29.827401687028953,6.222793864128615
29.830146305103987,6.272718478014179
29.832890923179022,6.322643091899742
29.835635541254057,6.372567705785306
29.83838015932909,6.422492319670869
29.841124777404126,6.472416933556433
29.84386939547916,6.522341547441997
29.846614013554195,6.57226616132756
29.84935863162923,6.622190775213124
29.852103249704264,6.672115389098687
29.8548478677793,6.722040002984251
29.857592485854333,6.771964616869814
29.860337103929368,6.821889230755378
29.863081722004402,6.871813844640942
29.865826340079437,6.921738458526505
29.86857095815447,6.971663072412069
29.871315576229506,7.021587686297632
29.87406019430454,7.071512300183196
29.876804812379575,7.1214369140687594
29.87954943045461,7.171361527954323
29.882294048529644,7.221286141839887
29.88503866660468,7.27121075572545
29.887783284679713,7.321135369611014
29.890527902754748,7.371059983496577
29.893272520829782,7.420984597382141
29.896017138904817,7.4709092112677045
29.89876175697985,7.520833825153268
29.901506375054886,7.570758439038832
29.903976531322417,7.615690591535839
29.906721149397452,7.665615205421402
29.90974022927999,7.720532280695522
29.912484847355024,7.770456894581086
29.91522946543006,7.8203815084666495
29.917974083505094,7.870306122352213
29.920718701580128,7.920230736237777
29.923463319655163,7.97015535012334
29.926207937730197,8.0200799640089
29.928952555805232,8.070004577894455
29.931697173880266,8.11992919178001
29.9344417919553,8.169853805665564
29.937186410030336,8.219778419551119
29.93993102810537,8.269703033436674
29.942675646180405,8.319627647322228
29.94542026425544,8.369552261207783
29.948164882330474,8.419476875093338
29.95090950040551,8.469401488978892
29.95337965667304,8.514333641475892
29.956398736555577,8.569250716750002
29.959143354630612,8.619175330635557
29.961887972705647,8.669099944521111
29.96463259078068,8.719024558406666
29.967377208855716,8.76894917229222
29.96991587169878,8.818882816852824
29.966503606991317,8.868705540061459
29.95868483618296,8.918085571191387
29.94992992720798,8.967303022555221
29.945930049457385,9.01713418138639
29.942585950139136,9.06702222604375
29.93924191112612,9.116910274743608
29.935897872114094,9.166798323443528
29.932553833102066,9.216686372143448
29.92920979409004,9.266574420843368
29.92586575507801,9.316462469543287
29.922521716065983,9.366350518243207
29.919177677053955,9.416238566943127
29.915833638041928,9.466126615643047
29.9124895990299,9.516014664342967
29.909145560017873,9.565902713042886
29.905801521005845,9.615790761742806
29.902457481993817,9.665678810442726
29.89911344298179,9.715566859142646
29.895769403969762,9.765454907842566
29.892425364957735,9.815342956542485
29.889081325945707,9.865231005242405
29.88573728693368,9.915119053942325
29.88239324792165,9.965007102642245
29.879049208909624,10.014895151342165
29.875705169897596,10.064783200042084
29.87236113088557,10.114671248742004
29.86901709187354,10.164559297441924
29.865673052861514,10.214447346141844
29.862329013849486,10.264335394841764
29.85898497483746,10.314223443541684
29.85564093582543,10.364111492241603
29.852296896813403,10.413999540941523
29.848952857801375,10.463887589641443
29.845608818789348,10.513775638341363
29.84226477977732,10.563663687041283
29.838920740765293,10.613551735741202
29.835576701753265,10.663439784441122
29.832232662741237,10.713327833141042
29.82888862372921,10.763215881840962
29.825544584717182,10.813103930540882
29.822200545705154,10.862991979240801
29.81919091059433,10.90789122307073
29.816515679384707,10.947801662030665
29.812837236471477,11.002678515600577
29.80949319745945,11.052566564300497
29.806149158447422,11.102454613000416
29.802805119435394,11.152342661700336
29.799461080423367,11.202230710400256
29.79611704141134,11.252118759100176
29.79277300239931,11.302006807800096
29.789428963387284,11.351894856500016
29.786084924375256,11.401782905199935
29.78274088536323,11.451670953899855
29.7793968463512,11.501559002599775
29.776052807339173,11.551447051299695
29.772708768327146,11.601335099999615
29.769364729315118,11.651223148699534
29.76602069030309,11.701111197399454
29.762676651291063,11.750999246099374
29.759332612279035,11.800887294799294
29.755988573267008,11.850775343499214
29.75264453425498,11.900663392199133
29.749300495242952,11.950551440899053
29.745956456230925,12.000439489598973
29.742612417218897,12.050327538298893
29.742935840270977,12.1002617370994
29.749440187611317,12.149831583218928
29.75825397529989,12.199044121312792
29.76931828853331,12.247800020793765
29.782609783258632,12.295996420342831
29.798100418076192,12.34353163880741
29.815757512005316,12.390305389945247
29.835543813432235,12.436218994000798
29.857417578700705,12.48117558589238
29.88133266017969,12.525080319570876
29.907238603622183,12.567840568118804
29.935080754609743,12.609366119167671
29.96480037385834,12.649569365221247
29.9931069265104,12.684546992040637
30.029617387573456,12.725672639799866
30.06457803596096,12.76141211133837
30.101142948948123,12.795508502639613
30.139234984621208,12.827889879691961
30.178773779257476,12.85848792669234
30.219675916870504,12.887238090173806
30.261855105195036,12.914079715195594
30.30522235773988,12.938956173308394
30.34967693996173,12.961833761848368
30.39284387438507,12.986988930802251
30.434452730166115,13.014714418897627
30.47605605056918,13.042448220141589
30.51765937078939,13.070182021659843
30.55926847757579,13.097907103186406
30.603148456960945,13.12173068359966
30.64947504483069,13.140528099193789
30.696621089204896,13.157164648980656
30.74448134532997,13.171618720155115
30.792954841051426,13.183859819060686
30.841939310619953,13.193862120344068
30.89133141027191,13.20160452189945
30.94038306372698,13.211099068705453
30.988657858515474,13.22411985490103
31.03692548453341,13.23716731743568
31.085193110303052,13.250214780888824
31.1334607360727,13.263262244341943
31.18177994500968,13.27611011248571
31.2312258546983,13.283113633987272
31.281153351615604,13.285714730471312
31.331147671321716,13.286018518045735
31.381103203704487,13.284026264490702
31.430914556323295,13.279742172969941
31.480476640918592,13.273175281738741
31.529684895117818,13.264339445132183
31.578435503033283,13.253253304336306
31.62662561428513,13.239940248060307
31.674153560987374,13.224428363192816
31.72091907223917,13.206750375546267
31.766823485668866,13.186943580814445
31.811769955584488,13.165049765888817
31.855663657291498,13.141115120699679
31.89841198714684,13.115190140768105
31.93992475792719,13.087329520674285
31.980114389099157,13.057592038666982
32.018896091590186,13.026040432657606
32.056188046670144,12.992741267860449
32.09191157856635,12.95776479635841
32.12599132044789,12.921184808890384
32.15835537342882,12.883078479173117
32.18893545825509,12.843526201085858
32.21766705935499,12.802611419061392
32.244489560949305,12.760420452041226
32.26934637493387,12.717042311366344
32.292185060265005,12.672568512987757
32.31295743359561,12.627092884393006
32.331619670928845,12.580711366655962
32.348132400074675,12.533521812027532
32.361133949205424,12.490444492445492
32.3745745928978,12.437118314740703
32.38444827081792,12.388107756957677
32.392060986728865,12.338695502947843
32.397396679893006,12.288985798982404
32.400249609715544,12.244079713274557
32.40119679823912,12.189093942702803
32.39965320621613,12.139122534742448
32.39581657395054,12.089274720921459
32.39376339938096,12.039354829095505
32.395320592892325,11.989379116660452
32.39690539657378,11.939404238998858
32.39849020120621,11.889429361367426
32.400497718546305,11.839474953046336
32.4089300808898,11.790242097276007
32.4212155730181,11.741779511701944
32.435694231656605,11.693925960298467
32.44764081159819,11.645413632171424
32.45665688749483,11.596233250463257
32.46566314027064,11.547051064552727
32.47466939272221,11.497868878582814
32.4836653471091,11.448684829157337
32.488179641011214,11.398959214780904
32.487109875799,11.348975705709783
32.48373135915781,11.299094748278605
32.478065890833165,11.249421548678256
32.470125423896114,11.200060903679482
32.46047197619651,11.151004603011923
32.45514654039789,11.10131079392125
32.45161520465038,11.056449567154337
32.44729969890604,11.001619133906267
32.44557359340646,10.951691205562264
32.45081075586899,10.901978167582827
32.45831308229504,10.852546507806176
32.46190153130407,10.802704304896551
32.46360845502582,10.752733449348229
32.46531407784597,10.702762549308352
32.46701970062875,10.652791649267195
32.468725323411526,10.602820749226039
32.470430946194305,10.552849849184883
32.472136568977085,10.502878949143726
32.473842191759864,10.45290804910257
32.475547814542644,10.402937149061414
32.47725343732542,10.352966249020257
32.4789590601082,10.3029953489791
32.48066468289098,10.253024448937945
32.48237030567376,10.203053548896788
32.48407592845654,10.153082648855632
32.48578155123932,10.103111748814475
32.4874871740221,10.05314084877332
32.48919279680488,10.003169948732163
32.49089841958766,9.953199048691006
32.49260404237044,9.90322814864985
32.49430966515322,9.853257248608694
32.496015287936,9.803286348567537
32.497720910718776,9.753315448526381
32.499426533501556,9.703344548485225
32.501132156284335,9.653373648444068
32.502837779067114,9.603402748402912
32.504543401849894,9.553431848361756
32.50624902463267,9.5034609483206
32.50795464741545,9.453490048279443
32.50966027019823,9.403519148238287
32.51136589298101,9.35354824819713
32.51307151576379,9.303577348155974
32.51477713854657,9.253606448114818
32.51648276132935,9.203635548073661
32.51818838411213,9.153664648032505
32.51989400689491,9.103693747991349
32.52159962967769,9.053722847950192
32.52330525246047,9.003751947909036
32.52501087524325,8.95378104786788
32.52654593574775,8.908807237830839
32.528422120808806,8.853839247785567
32.530127743591585,8.80386834774441
32.531833366374364,8.753897447703254
32.533538989157144,8.703926547662098
32.53524461193992,8.653955647620942
32.5369502347227,8.603984747579785
32.53865585750548,8.554013847538629
32.54036148028826,8.504042947497473
32.54206710307104,8.454072047456316
32.54377272585382,8.40410114741516
32.5454783486366,8.354130247374004
32.54718397141938,8.304159347332847
32.54888959420216,8.25418844729169
32.55059521698494,8.204217547250535
32.55230083976772,8.154246647209378
32.5540064625505,8.104275747168222
32.555712085333276,8.054304847127066
32.557417708116056,8.00433394708591
32.559123330898835,7.954363047044753
32.560828953681614,7.9043921470035965
32.562534576464394,7.85442124696244
32.56424019924717,7.804450346921284
32.56594582202995,7.7544794468801275
32.56765144481273,7.704508546838971
32.56935706759551,7.654537646797815
32.57106269037829,7.6045667467566584
32.57276831316107,7.554595846715502
32.57447393594385,7.504624946674346
32.57617955872663,7.454654046633189
32.57788518150941,7.404683146592033
32.57959080429219,7.354712246550877
32.58129642707497,7.30474134650972
32.58300204985775,7.254770446468564
32.584707672640526,7.204799546427408
32.586413295423306,7.154828646386251
32.588118918206085,7.104857746345095
32.589824540988864,7.054886846303939
32.591530163771644,7.004915946262782
32.59323578655442,6.954945046221626
32.5949414093372,6.90497414618047
32.59664703211998,6.855003246139313
32.59835265490276,6.805032346098157
32.60005827768554,6.755061446057001
32.60176390046832,6.705090546015844
32.6034695232511,6.655119645974688
32.60517514603388,6.605148745933532
32.60688076881666,6.555177845892375
32.60858639159944,6.505206945851219
32.61029201438222,6.455236045810063
32.611997637165,6.405265145768906
32.613703259947776,6.35529424572775
32.615408882730556,6.305323345686594
32.617114505513335,6.255352445645437
32.618820128296115,6.205381545604281
32.620525751078894,6.155410645563125
32.62223137386167,6.105439745521968
32.62393699664445,6.055468845480812
32.62564261942723,6.0054979454396555
32.62734824221001,5.955527045398499
32.62905386499279,5.905556145357343
32.63075948777557,5.8555852453161865
32.63246511055835,5.80561434527503
32.63417073334113,5.755643445233874
32.63587635612391,5.7056725451927175
32.63758197890669,5.655701645151561
32.63928760168947,5.605730745110405
32.64099322447225,5.5557598450692485
32.642698847255026,5.505788945028092
32.644404470037806,5.455818044986936
32.646110092820585,5.4058471449457794
32.647815715603365,5.355876244904623
32.649521338386144,5.305905344863467
32.65122696116892,5.25593444482231
32.6529325839517,5.205963544781154
32.65463820673448,5.155992644739998
32.65634382951726,5.106021744698841
32.65803899235993,5.056050509611491
32.655221505379934,5.006199959547665
32.64684240645963,4.95691216919391
32.63619447456828,4.9080639774629695
32.62331468345729,4.859756263060295
32.608230206426555,4.812090941886693
32.59097286757547,4.7651685746653705
32.57537192321294,4.722976156563593
32.56122445655007,4.669831212734808
32.54870410773953,4.621424179509646
32.53618376636451,4.573017144361303
32.5236634249895,4.524610109212965
32.51114308361449,4.476203074064628
32.49862274223948,4.427796038916291
32.486102400864475,4.379389003767955
32.47008629194167,4.3320919312656105
32.44831771536741,4.287085206739508
32.42446936661217,4.243144189219339
32.398628418137825,4.200344631470778
32.37362066368086,4.157085547925527
32.352288151592056,4.1118649942884415
32.33102460098828,4.066611691472837
32.30976105284138,4.021358387502803
32.28849750469446,3.9761050835327865
32.26723395654754,3.9308517795627678
32.24597040840062,3.885598475592749
32.224706860253704,3.8403451716227304
32.20556966692148,3.7996171980497135
32.182179763959866,3.749838563682693
32.16091621581295,3.7045852597126743
32.137702979835375,3.660348135660934
32.108545674221226,3.6197443729642758
32.07755942601265,3.5805063007380027
32.04977076631466,3.538974234218696
32.02355329802506,3.496399073041001
31.997336938076256,3.4538232292908786
31.97112057815931,3.411247385521145
31.944904218242367,3.3686715417514153
31.916308031419288,3.3277225425554167
31.882476930764774,3.290916107238284
31.846910625154155,3.255779770100105
31.811515735018563,3.220498573989345
31.779457738961035,3.1821299996820382
31.74754804558877,3.1436362148734767
31.715638358129308,3.10514242516345
31.683728670669833,3.0666486354534266
31.651818983210358,3.028154845743403
31.619909295750883,2.9896610560333796
31.58799960829141,2.951167266323356
31.553960830390437,2.9146169717283374
31.51531751087068,2.8829002425662
31.47518944099892,2.853079741385933
31.433734352062316,2.8251333661087763
31.392420907632005,2.7970129045901513
31.35381526782041,2.7652407913406862
31.315332193443062,2.7333181820101897
31.27684912396916,2.7013955667685305
31.238366054495263,2.669472951526873
31.199882985021365,2.6375503362852157
31.161399915547467,2.6056277210435583
31.12291684607357,2.573705105801901
31.08443377659967,2.5417824905602435
31.045950707125773,2.509859875318586
31.007467637651875,2.4779372600769287
30.968984568177977,2.4460146448352713
30.93050149870408,2.414092029593614
30.89201842923018,2.3821694143519565
30.857383666703672,2.353439060634465
30.815052290282384,2.3183241838686417
30.780417527755876,2.28959383015115
30.73808615133459,2.254478953385327
30.69960308186069,2.2225563381436695
30.661120012386792,2.190633722902012
30.622636942912894,2.1587111076603547
30.584153873438996,2.1267884924186973
30.5456708039651,2.09486587717704
30.5071877344912,2.0629432619353825
30.468704665017302,2.031020646693725
30.430221595543404,1.9990980314520677
30.391738526069506,1.9671754162104103
30.35325545659561,1.9352528009687529
30.31477238712171,1.9033301857270954
30.276289317647812,1.871407570485438
30.237806248173914,1.8394849552437806
30.199323178700016,1.8075623400021232
30.16084010922612,1.7756397247604658
30.12235703975222,1.7437171095188084
30.083873970278322,1.711794494277151
30.045390900804424,1.6798718790354936
30.006907831330526,1.6479492637938362
29.972273068804018,1.6192189100763446
29.92994169238273,1.5841040333105214
29.891458622908832,1.552181418068864
29.852975553434934,1.5202588028272066
29.814492483961036,1.4883361875855492
29.776009414487138,1.4564135723438918
29.73752634501324,1.4244909571022344
29.699043275539342,1.392568341860577
29.660560206065444,1.3606457266189196
29.622077136591546,1.3287231113772622
29.583594067117648,1.2968004961356048
29.54511099764375,1.2648778808939474
29.506627928169852,1.23295526565229
29.468144858695954,1.2010326504106326
29.429661789222056,1.1691100351689752
29.395027026695548,1.1403796814514835
29.35654395722165,1.108457066209826
29.314212580800362,1.073342189444003
29.275277515627216,1.0419901689752296
29.23244989118908,1.0162638794868484
29.1879054275459,0.9935633381119112
29.1423654451046,0.972932431948862
29.095926137523136,0.9544144676647527
29.048685478975525,0.9380485130680254
29.00074313426359,0.9238690958234422
28.95336901075994,0.9079976262006182
28.907229350619318,0.8887329318835352
28.861100309822664,0.8694427376081845
28.814971269393094,0.8501525424550406
28.768842228963518,0.8308623473019229
28.72148405586421,0.8150278200587491
28.672472771887772,0.8051601850017288
28.623053117999802,0.7975935101274626
28.57333813597554,0.7923041506337997
28.523433600366246,0.789282352569055
28.473789625152175,0.7836571879002194
28.424535730594613,0.7750517570308415
28.37528355170284,0.7664364871910082
28.326031372867877,0.7578212170264514
28.276779194032915,0.7492059468619122
28.227527015197953,0.740590676697373
28.17827483636299,0.7319754065328338
28.12902265752803,0.7233601363682945
28.079770478693067,0.7147448662037553
28.030518299858105,0.7061295960392161
27.981266121023143,0.6975143258746769
27.93201394218818,0.6888990557101377
27.88276176335322,0.6802837855455984
27.833509584518257,0.6716685153810592
27.784257405683295,0.66305324521652
27.735005226848333,0.6544379750519808
27.690678265896867,0.6466842319038955
27.641426087061905,0.6380689617393562
27.592173908226943,0.629453691574817
27.54292172939198,0.6208384214102778
27.49366955055702,0.6122231512457386
27.444417371722057,0.6036078810811993
27.395165192887095,0.5949926109166601
27.345913014052133,0.5863773407521209
27.29666083521717,0.5777620705875817
27.2470479310453,0.5720068837437723
27.19706364743367,0.5729170727801934
27.147178528283643,0.5762335723902057
27.097498323883677,0.5818372837185259
27.047938477794567,0.5883815640831659
26.997978266639286,0.59014811829882
26.947990564465247,0.5912570057345352
26.898002860950672,0.5923658327445501
26.848015157436077,0.5934746597535895
26.79802745392148,0.5945834867626293
26.748039750406885,0.5956923137716691
26.69805204689229,0.5968011407807089
26.648064343377694,0.5979099677897487
26.603075410214558,0.5989079120978845
26.548088936348503,0.6001276218078283
26.498101232833907,0.6012364488168681
26.44811352931931,0.6023452758259079
26.398125825804716,0.6034541028349477
26.34813812229012,0.6045629298439875
26.298150418775524,0.6056717568530273
26.24816271526093,0.6067805838620671
26.198175011746333,0.6078894108711069
26.148187308231737,0.6089982378801467
26.09819960471714,0.6101070648891865
26.048211901202546,0.6112158918982263
25.99822419768795,0.6123247189072661
25.953255681477724,0.6117097540035018
25.89893927593521,0.6032058372095267
25.850071255018882,0.5926477467996856
25.801305161789497,0.5816839100533303
25.751704486310473,0.5754097731781606
25.7020524598455,0.5695211173111373
25.652400430837186,0.5636324828889763
25.602748401828844,0.5577438484670098
25.5530963728205,0.5518552140450431
25.5034223384847,0.5461715549294662
25.453483591624618,0.5464339675875408
25.40370867162007,0.5511220364743749
25.353831276238378,0.5540300522833254
25.303836221767412,0.5533291860558891
25.253841528977016,0.5526006994098187
25.203846836200487,0.5518722118123952
25.153852143423958,0.5511437242150007
25.10385745064743,0.5504152366176062
25.0538627578709,0.5496867490202116
25.00386806509437,0.5489582614228171
24.95387337231784,0.5482297738254226
24.90387867954131,0.5475012862280281
24.85388398676478,0.5467727986306335
24.803889293988252,0.546044311033239
24.753894601211723,0.5453158234358445
24.703899908435194,0.54458733583845
24.653905215658664,0.5438588482410555
24.603910522882135,0.5431303606436609
24.553915830105606,0.5424018730462664
24.503921137329076,0.5416733854488719
24.453926444552547,0.5409448978514774
24.403931751776017,0.5402164102540828
24.353937058999488,0.5394879226566883
24.30394236622296,0.5387594350592938
24.25394767344643,0.5380309474618993
24.2039529806699,0.5373024598645048
24.15395828789337,0.5365739722671102
24.108963064394494,0.5359183334294552
24.053968902340312,0.5351169970723212
24.003974209563783,0.5343885094749267
23.953979516787253,0.5336600218775321
23.903984824010724,0.5329315342801376
23.853990131234195,0.5322030466827431
23.803995438457665,0.5314745590853486
23.754000745681136,0.530746071487954
23.704006052904607,0.5300175838905595
23.654011360128077,0.529289096293165
23.604016667351548,0.5285606086957705
23.55402197457502,0.527832121098376
23.50402728179849,0.5271036335009814
23.45403258902196,0.5263751459035869
23.40403789624543,0.5256466583061924
23.3540432034689,0.5249181707087979
23.304048510692372,0.5241896831114033
23.254053817915842,0.5234611955140088
23.204059125139313,0.5227327079166143
23.154064432362784,0.5220042203192198
23.104069739586254,0.5212757327218253
23.054075046809725,0.5205472451244307
23.004080354033196,0.5198187575270362
22.954085661256666,0.5190902699296417
22.904090968480137,0.5183617823322472
22.854096275703608,0.5176332947348526
22.80410158292708,0.5169048071374581
22.75410689015055,0.5161763195400636
22.70411219737402,0.5154478319426691
22.65411750459749,0.5147193443452746
22.60412281182096,0.51399085674788
22.559127588322085,0.513335217910225
22.504133426267902,0.512533881553091
22.454138733491373,0.5118053939556965
22.409143509992496,0.5111497551180414
22.354149347938314,0.5103484187609074
22.304154655161785,0.5096199311635129
22.254159962385256,0.5088914435661184
22.204165269608726,0.5081629559687239
22.154170576832197,0.5074344683713293
22.104175884055667,0.5067059807739348
22.054181191279138,0.5059774931765403
22.00418649850261,0.5052490055791458
21.95419180572608,0.5045205179817512
21.90419711294955,0.5037920303843567
21.85420242017302,0.5030635427869622
21.80420772739649,0.5023350551895677
21.754213034619962,0.5016065675921731
21.704218341843433,0.5008780799947786
21.654223649066903,0.5001495923973841
21.609228425568027,0.49949395355972903
21.554234263513845,0.49869261720259506
21.504239570737315,0.49796412960520053
21.454244877960786,0.497235642007806
21.404250185184257,0.4965071544104115
21.354255492407727,0.49577866681301697
21.304260799631198,0.49505017921562244
21.25426610685467,0.4943216916182279
21.20427141407814,0.4935932040208334
21.15427672130161,0.4928647164234389
21.109281497802733,0.4922090775857838
21.05428733574855,0.49140774122864983
21.004292642972022,0.4906792536312553
20.954297950195492,0.4899507660338608
20.904303257418963,0.48922227843646626
20.854308564642434,0.48849379083907174
20.804313871865904,0.4877653032416772
20.754319179089375,0.4870368156442827
20.7093239555905,0.4863811768066276
20.654329793536316,0.48557984044949365
20.604335100759787,0.4848513528520991
20.554340407983258,0.4841228652547046
20.50434571520673,0.4833943776573101
20.4543510224302,0.48266589005991556
20.40435632965367,0.48193740246252104
20.35436163687714,0.4812089148651265
20.30436694410061,0.480480427267732
20.25437225132408,0.47975193967033747
20.204377558547552,0.47902345207294295
20.154382865771023,0.4782949644755484
20.104388172994494,0.4775664768781539
20.054393480217964,0.4768379892807594
20.004398787441435,0.47610950168336486
19.954404094664906,0.47538101408597033
19.904409401888376,0.4746525264885758
19.854414709111847,0.4739240388911813
19.804420016335317,0.47319555129378676
19.754425323558788,0.47246706369639224
19.70443063078226,0.4717385760989977
19.65443593800573,0.4710100885016032
19.6044412452292,0.4702816009042087
19.55444655245267,0.46955311330681415
19.50445185967614,0.46882462570941963
19.454457166899612,0.4680961381120251
19.404462474123083,0.4673676505146306
19.354467781346553,0.46663916291723606
19.304473088570024,0.46591067531984154
19.254478395793495,0.465182187722447
19.204483703016965,0.4644537001250525
19.154489010240436,0.46372521252765797
19.104494317463907,0.46299672493026345
19.054499624687377,0.4622682373328689
19.004504931910848,0.4615397497354744
18.95451023913432,0.4608112621380799
18.90451554635779,0.46008277454068536
18.85452085358126,0.45935428694329083
18.80452616080473,0.4586257993458963
18.7545314680282,0.4578973117485018
18.704536775251672,0.45716882415110727
18.654542082475142,0.45644033655371274
18.604547389698613,0.4557118489563182
18.554552696922084,0.4549833613589237
18.504558004145554,0.4542548737615292
18.454563311369025,0.45352638616413465
18.404568618592496,0.45279789856674013
18.354573925815966,0.4520694109693456
18.304579233039437,0.4513409233719511
18.254584540262908,0.45061243577455656
18.20458984748638,0.44988394817716204
18.15459515470985,0.4491554605797675
18.10460046193332,0.448426972982373
18.05460576915679,0.4476984853849785
18.00461107638026,0.44696999778758395
17.95461638360373,0.4462415101901894
17.904621690827202,0.4455130225927949
17.854626998050673,0.4447845349954004
17.804632305274144,0.44405604739800586
17.754637612497614,0.44332755980061134
17.704642919721085,0.4425990722032168
17.654648226944555,0.4418705846058223
17.604653534168026,0.44114209700842777
17.554658841391497,0.44041360941103325
17.504664148614967,0.4396851218136387
17.454669455838438,0.4389566342162442
17.40467476306191,0.4382281466188497
17.35468007028538,0.43749965902145516
17.30468537750885,0.43677117142406063
17.25469068473232,0.4360426838266661
17.20469599195579,0.4353141962292716
17.154701299179262,0.43458570863187707
17.104706606402733,0.43385722103448254
17.054711913626203,0.433128733437088
17.004717220849674,0.4324002458396935
16.954722528073145,0.431671758242299
16.904727835296615,0.43094327064490445
16.854733142520086,0.43021478304750993
16.804738449743557,0.4294862954501154
16.754743756967027,0.4287578078527209
16.704749064190498,0.42802932025532636
16.65475437141397,0.42730083265793184
16.60475967863744,0.4265723450605373
16.559764455138563,0.42591670622288225
16.50477029308438,0.42511536986574827
16.45477560030785,0.42438688226835375
16.404780907531322,0.4236583946709592
16.354786214754792,0.4229299070735647
16.304791521978263,0.4222014194761702
16.254796829201734,0.42147293187877566
16.204802136425204,0.42074444428138114
16.154807443648675,0.4200159566839866
16.104812750872146,0.4192874690865921
16.05981752737327,0.418631830248937
16.004823365319087,0.41783049389180305
15.954828672542558,0.4171020062944085
15.909833449043681,0.41644636745675345
15.859838756267152,0.41571787985935893
15.80484459421297,0.41491654350222495
15.75484990143644,0.41418805590483043
15.704855208659911,0.4134595683074359
15.654860515883382,0.4127310807100414
15.604865823106852,0.41200259311264686
15.554871130330323,0.41127410551525234
15.504876437553794,0.4105456179178578
15.454881744777264,0.4098171303204633
15.404887052000735,0.4090886427230688
15.354892359224205,0.40836015512567425
15.304897666447676,0.40763166752827973
15.254902973671147,0.4069031799308852
15.204908280894617,0.4061746923334907
15.159913057395741,0.4055190534958356
15.104918895341559,0.40471771713870164
15.05492420256503,0.4039892295413071
15.0049295097885,0.4032607419439126
14.95493481701197,0.40253225434651807
14.904940124235441,0.40180376674912355
14.854945431458912,0.401075279151729
14.804950738682383,0.4003467915543345
14.754956045905853,0.39961830395694
14.704961353129324,0.39888981635954546
14.654966660352795,0.39816132876215093
14.604971967576265,0.3974328411647564
14.554977274799736,0.3967043535673619
14.504982582023207,0.39597586596996737
14.454987889246677,0.39524737837257284
14.404993196470148,0.3945188907751783
14.354998503693619,0.3937904031777838
14.30500381091709,0.3930619155803893
14.25500911814056,0.39233342798299475
14.215013363919336,0.39175063790507914
14.160019201865154,0.39094930154794516
14.110024509088625,0.39022081395055064
14.060029816312095,0.3894923263531561
14.010035123535566,0.3887638387557616
13.960040430759037,0.38803535115836707
13.910045737982507,0.38730686356097255
13.860051045205978,0.386578375963578
13.810056352429449,0.3858498883661835
13.76006165965292,0.385121400768789
13.71006696687639,0.38439291317139446
13.66007227409986,0.38366442557399993
13.610077581323331,0.3829359379766054
13.560082888546802,0.3822074503792109
13.515087665047925,0.3815518115415558
13.460093502993743,0.38075047518442184
13.410098810217214,0.3800219875870273
13.365103586718337,0.37936634874937225
13.315108893941808,0.37863786115197773
13.260114731887626,0.37783652479484375
13.210120039111096,0.37710803719744923
13.160125346334567,0.3763795496000547
13.110130653558038,0.3756510620026602
13.060135960781508,0.37492257440526566
13.010141268004979,0.37419408680787114
12.96014657522845,0.3734655992104766
12.915151351729573,0.37280996037282155
12.865156658953044,0.372081472775427
12.810162496898862,0.37128013641829305
12.760167804122332,0.3705516488208985
12.710173111345803,0.369823161223504
12.660178418569274,0.3690946736261095
12.610183725792744,0.36836618602871496
12.560189033016215,0.36763769843132044
12.510194340239686,0.3669092108339259
12.460199647463156,0.3661807232365314
12.410204954686627,0.36545223563913687
12.360210261910098,0.36472374804174235
12.310215569133568,0.3639952604443478
12.260220876357039,0.3632667728469533
12.21022618358051,0.3625382852495588
12.16023149080398,0.36180979765216426
12.11023679802745,0.36108131005476973
12.060242105250921,0.3603528224573752
12.010247412474392,0.3596243348599807
11.960252719697863,0.35889584726258617
11.910258026921333,0.35816735966519164
11.860263334144804,0.3574388720677971
11.815268110645928,0.35678323323014205
11.760273948591745,0.3559818968730081
11.710279255815216,0.35525340927561355
11.660284563038687,0.35452492167821903
11.610289870262157,0.3537964340808245
11.560295177485628,0.35306794648343
11.510300484709099,0.35233945888603546
11.46030579193257,0.35161097128864094
11.41031109915604,0.3508824836912464
11.36031640637951,0.3501539960938519
11.310321713602981,0.34942550849645737
11.260327020826452,0.34869702089906285
11.210332328049923,0.3479685333016683
11.160337635273393,0.3472400457042738
11.110342942496864,0.3465115581068793
11.060348249720334,0.34578307050948476
11.010353556943805,0.34505458291209024
10.960358864167276,0.3443260953146957
10.910364171390746,0.3435976077173012
10.860369478614217,0.34286912011990667
10.810374785837688,0.34214063252251214
10.760380093061158,0.3414121449251176
10.710385400284629,0.3406836573277231
10.6603907075081,0.3399551697303286
10.61039601473157,0.33922668213293405
10.560401321955041,0.33849819453553953
10.510406629178512,0.337769706938145
10.460411936401982,0.3370412193407505
10.410417243625453,0.33631273174335596
10.360422550848924,0.33558424414596144
10.310427858072394,0.3348557565485669
10.260433165295865,0.3341272689511724
10.210438472519336,0.3333987813537779
10.160443779742806,0.33267029375638335
10.110449086966277,0.33194180615898883
10.060454394189748,0.3312133185615943
10.010459701413218,0.3304848309641998
9.960465008636689,0.32975634336680526
9.91047031586016,0.32902785576941074
9.86047562308363,0.3282993681720162
9.8104809303071,0.3275708805746217
9.760486237530571,0.32684239297722717
9.710491544754042,0.32611390537983265
9.660496851977513,0.3253854177824381
9.610502159200983,0.3246569301850436
9.560507466424454,0.3239284425876491
9.510512773647925,0.32319995499025456
9.460518080871395,0.32247146739286003
9.410523388094866,0.3217429797954655
9.360528695318337,0.321014492198071
9.310534002541807,0.32028600460067647
9.260539309765278,0.31955751700328194
9.210544616988749,0.3188290294058874
9.16054992421222,0.3181005418084929
9.11055523143569,0.3173720542110984
9.065560007936813,0.3167164153734433
9.010565845882631,0.31591507901630933
8.960571153106102,0.3151865914189148
8.910576460329573,0.3144581038215203
8.860581767553043,0.31372961622412576
8.810587074776514,0.31300112862673124
8.760592381999984,0.3122726410293367
8.710597689223455,0.3115441534319422
8.660602996446926,0.31081566583454767
8.610608303670396,0.31008717823715315
8.560613610893867,0.3093586906397586
8.510618918117338,0.3086302030423641
8.460624225340808,0.3079017154449696
8.410629532564279,0.30717322784757506
8.36063483978775,0.30644474025018054
8.31064014701122,0.305716252652786
8.260645454234691,0.3049877650553915
8.210650761458162,0.30425927745799697
8.160656068681632,0.30353078986060245
8.110661375905103,0.3028023022632079
8.060666683128574,0.3020738146658134
8.010671990352044,0.3013453270684189
7.960677297575508,0.30061683947102436
7.91068260479897,0.29988835187362983
7.860687912022431,0.2991598642762353
7.810693219245893,0.2984313766788408
7.760698526469355,0.29770288908144626
7.710703833692817,0.29697440148405174
7.660709140916278,0.2962459138866572
7.61071444813974,0.2955174262892627
7.560719755363202,0.2947889386918682
7.5157245318643175,0.2941332998542131
7.4607303698101255,0.29333196349707913
7.410735677033587,0.2926034758996846
7.360740984257049,0.2918749883022901
7.310746291480511,0.29114650070489556
7.260751598703973,0.29041801310750104
7.210756905927434,0.2896895255101065
7.160762213150896,0.288961037912712
7.110767520374358,0.28823255031531747
7.06077282759782,0.28750406271792295
7.010778134821281,0.2867755751205284
6.960783442044743,0.2860470875231339
6.910788749268205,0.2853185999257394
6.860794056491667,0.28459011232834486
6.8107993637151285,0.28386162473095033
6.76080467093859,0.2831331371335558
6.710809978162052,0.2824046495361613
6.660815285385514,0.28167616193876677
6.610820592608976,0.28094767434137224
6.560825899832437,0.2802191867439777
6.510831207055899,0.2794906991465832
6.460836514279361,0.2787622115491887
6.410841821502823,0.27803372395179415
6.360847128726284,0.27730523635439963
6.310852435949746,0.2765767487570051
6.265857212450862,0.27592110991935004
6.21086305039667,0.27511977356221606
6.1608683576201315,0.27439128596482154
6.110873664843593,0.273662798367427
6.060878972067055,0.2729343107700325
6.010884279290517,0.272205823172638
5.960889586513979,0.27147733557524345
5.915894363015094,0.2708216967375884
5.860900200960902,0.2700203603804544
5.810905508184364,0.2692918727830599
5.760910815407826,0.26856338518566536
5.7109161226312875,0.26783489758827084
5.660921429854749,0.2671064099908763
5.610926737078211,0.2663779223934818
5.560932044301673,0.26564943479608727
5.5109373515251345,0.26492094719869275
5.460942658748596,0.2641924596012982
5.410947965972058,0.2634639720039037
5.36095327319552,0.2627354844065092
5.310958580418982,0.26200699680911466
5.260963887642443,0.26127850921172013
5.210969194865905,0.2605500216143256
5.160974502089367,0.2598215340169311
5.110979809312829,0.25909304641953657
5.0609851165362905,0.25836455882214204
5.010990423759752,0.2576360712247475
4.960995730983214,0.256907583627353
4.911001038206676,0.2561790960299585
4.8610063454301375,0.25545060843256395
4.811011652653599,0.25472212083516943
4.761016959877061,0.2539936332377749
4.711022267100523,0.2532651456403804
4.661027574323985,0.25253665804298586
4.611032881547446,0.25180817044559134
4.561038188770908,0.2510796828481968
4.51104349599437,0.2503511952508023
4.461048803217832,0.2496227076534076
4.4110541104412935,0.2488942200560128
4.361059417664755,0.248165732458618
4.311064724888217,0.2474372448612232
4.261070032111679,0.2467087572638284
4.2110753393351406,0.2459802696664336
4.161080646558602,0.2452517820690388
4.111085953782064,0.244523294471644
4.061091261005526,0.2437948068742492
4.011096568228988,0.2430663192768544
3.9611018754524494,0.2423378316794596
3.911107182675911,0.2416093440820648
3.861112489899373,0.24088085648467
3.8111177971228347,0.2401523688872752
3.7611231043462965,0.2394238812898804
3.7111284115697583,0.2386953936924856
3.66113371879322,0.2379669060950908
3.611139026016682,0.237238418497696
3.5611443332401436,0.2365099309003012
3.5111496404636053,0.2357814433029064
3.461154947687067,0.2350529557055116
3.411160254910529,0.2343244681081168
3.3661650314116445,0.23366882927046148
3.3111708693574524,0.2328674929133272
3.261176176580914,0.2321390053159324
3.211181483804376,0.2314105177185376
3.1611867910278377,0.2306820301211428
3.1111920982512995,0.229953542523748
3.0611974054747613,0.2292250549263532
3.011202712698223,0.2284965673289584
2.961208019921685,0.2277680797315636
2.9112133271451466,0.2270395921341688
2.8612186343686083,0.226311104536774
2.81122394159207,0.2255826169393792
2.761229248815532,0.2248541293419844
2.7112345560389937,0.2241256417445896
2.6612398632624554,0.2233971541471948
2.611245170485917,0.2226686665498
2.561250477709379,0.2219401789524052
2.5112557849328407,0.2212116913550104
2.4612610921563025,0.2204832037576156
2.4112663993797643,0.2197547161602208
2.361271706603226,0.219026228562826
2.311277013826688,0.2182977409654312
2.2612823210501496,0.2175692533680364
2.2112876282736114,0.2168407657706416
2.161292935497073,0.2161122781732468
2.111298242720535,0.215383790575852
2.0613035499439967,0.2146553029784572
2.0113088571674584,0.2139268153810624
1.9613141643909202,0.2131983277836676
1.911319471614382,0.2124698401862728
1.8613247788378438,0.211741352588878
1.8113300860613055,0.2110128649914832
1.7613353932847673,0.2102843773940884
1.711340700508229,0.2095558897966936
1.6613460077316908,0.2088274021992988
1.6113513149551526,0.208098914601904
1.5613566221786144,0.2073704270045092
1.5113619294020761,0.2066419394071144
1.461367236625538,0.2059134518097196
1.4113725438489997,0.2051849642123248
1.3613778510724615,0.20445647661493
1.3113831582959232,0.2037279890175352
1.261388465519385,0.2029995014201404
1.2113937727428468,0.2022710138227456
1.1613990799663085,0.2015425262253508